
>, 100, 100
=, 100, 100
-, 100, 100
?, 49, 100
X-cc:, 100, 100
X-bcc:, 100, 100
X-Folder:, 100, 100
=20, 19, 100
PM, 24, 100
new, 47, 100
2001, 41, 100
*, 26, 100
up, 45, 100
thru, 0, 100
-----, 26, 100
2000, 75, 100
&, 35, 100
New, 28, 100
out, 48, 100
Sent:, 7, 100
over, 25, 100
CT, 29, 100
PT, 4, 100
Energy, 7, 100
(713), 0, 100
through, 22, 100
go, 58, 100
see, 31, 100
E, 100, 100
Folders\'sent, 32, 100
next, 26, 100
cc:, 100, 100
need, 21, 100
such, 20, 100
., 100, 100
U.S., 14, 100
John, 15, 100
--, 48, 100
two, 27, 100
Cc:, 10, 100
employees, 14, 100
---------------------------, 20, 100
----------------------, 20, 100
send, 15, 100
energy, 6, 100
very, 26, 100
-?, 1, 100
2002, 5, 100
Sun, 14, 100
19,, 1, 100
S, 100, 100
per, 42, 100
<P>, 0, 100
10, 100, 100
under, 16, 100
2, 100, 100
current, 17, 100
Bcc:, 8, 100
Purpose:, 0, 100
=========================, 5, 100
T, 100, 100
end, 51, 100
free, 16, 100
system, 12, 100
-->, 0, 100
those, 13, 100
people, 12, 100
<!--, 0, 100
Request, 3, 100
], 18, 100
\KHOLST, 1, 100
[, 18, 100
KHOLST, 1, 100
Holst-K, 1, 100
1, 100, 100
NEWS:, 1, 100
=09, 3, 100
TX, 6, 100
<BR>, 0, 100
currently, 10, 100
???????, 1, 100
M, 100, 100
much, 7, 100
1., 100, 100
<TR><TD, 0, 100
sent, 54, 100
products, 20, 100
p.m., 3, 100
news, 30, 100
L, 97, 100
full, 17, 100
FREE, 14, 100
even, 34, 100
group, 10, 100
5/12/2001, 0, 100
Center, 14, 100
look, 30, 100
Motley,, 1, 100
2., 45, 100
R, 86, 100
both, 12, 100
3, 93, 100
subject, 14, 100
move, 22, 100
old, 100, 100
future, 13, 100
News, 20, 100
<br>, 1, 100
select, 11, 100
5, 100, 100
few, 6, 100
Steve, 10, 100
4, 94, 100
Dynegy, 0, 100
server, 3, 100
CENTER, 1, 100
+, 6, 100
motley, 1, 100
MOTLEY-M, 1, 100
Jeff, 3, 100
6-26-02.pst, 1, 100
posted, 3, 100
process, 9, 100
open, 9, 100
EES, 2, 100
sure, 21, 100
F, 100, 100
11,, 21, 100
set, 100, 100
close, 13, 100
6, 89, 100
low, 37, 100
put, 17, 100
$, 26, 100
good, 17, 100
11/17/2001, 0, 100
D, 100, 100
hope, 6, 100
due, 5, 100
N, 100, 100
NY, 12, 100
closed, 10, 100
copy, 16, 100
2001., 4, 100
10/20/2001, 0, 100
product, 27, 100
3., 46, 100
|?, 0, 100
three, 6, 100
Outlook, 3, 100
FERC, 1, 100
Scott, 8, 100
needed, 6, 100
Net, 16, 100
<TD, 0, 100
6:00:00, 1, 100
revenue, 5, 100
growth, 13, 100
4:00:00, 0, 100
needs, 6, 100
test, 21, 100
------------------------------------------------------------------------------, 2, 100
keep, 5, 100
See, 8, 100
Group, 6, 100
o, 100, 100
Co., 5, 100
tell, 22, 100
key, 9, 100
|, 2, 100
K, 51, 100
7:00:00, 0, 100
20, 100, 100
cost, 11, 100
Go, 23, 100
screen, 2, 100
project, 6, 100
percent, 6, 100
level, 9, 100
12:00:00, 0, 100
recent, 10, 100
=3D=3D=3D=3D=3D=3D=3D=3D=3D=3D=3D=3D=3D=3D=3D=3D=3D=3D=3D=3D=3D=3D=3D=3D=3D=, 10, 100
terms, 5, 100
<TR>, 0, 100
</TR>, 0, 100
employee, 15, 100
Y, 60, 100
W, 77, 100
11:00:00, 0, 100
/, 100, 100
ends, 18, 100
e, 100, 100
15, 34, 100
event, 15, 100
=3D-=3D-=3D-=3D-=3D-=3D-=3D-=3D-=3D-=3D-=3D-=3D-=3D-=3D-=3D-=3D-=3D-=3D-=3D=, 9, 100
<hr, 0, 100
-=3D-=3D-=3D-=3D-=3D-=3D-=3D-=3D-=3D-=3D-=3D-=3D-=3D-=3D-=3D, 9, 100
press, 22, 100
request, 16, 100
less, 18, 100
de, 100, 100
Select, 5, 100
=01), 1, 100
5/11/2001, 0, 100
problems, 4, 100
return, 4, 100
crude, 3, 100
sell, 18, 100
feel, 4, 100
O, 100, 100
8:00:00, 0, 100
3:00:00, 0, 100
t=, 100, 100
role, 2, 100
31,, 4, 100
text, 100, 100
ensure, 9, 100
</TD>, 0, 100
Dec, 70, 100
7, 100, 100
5:00:00, 0, 100
16,, 1, 100
13,, 2, 100
OWS, 0, 100
left, 7, 100
CEO, 7, 100
B, 67, 100
10:00:00, 0, 100
supply, 3, 100
s, 100, 100
book, 10, 100
Pool, 0, 100
Street, 6, 100
2000., 11, 100
2000,, 2, 100
11/11/2000, 0, 100
found, 10, 100
2002., 1, 100
11, 64, 100
(DFW)=09, 0, 100
proposed, 5, 100
requested, 10, 100
St., 4, 100
<p>, 0, 100
r, 100, 100
Peter, 5, 100
H, 84, 100
buy, 20, 100
Greg, 4, 100
C, 100, 100
30, 38, 100
(2), 11, 100
turn, 13, 100
FL, 3, 100
Free, 7, 100
(1), 11, 100
term, 17, 100
process., 1, 100
TCPL, 1, 100
SEE, 0, 100
Los, 1, 100
Dell, 2, 100
9:00:00, 0, 100
n, 100, 100
SERVER:, 0, 100
Rob, 20, 100
June, 3, 100
suggest, 11, 100
computer, 7, 100
turned, 5, 100
------------------------------------------------------------, 7, 100
expected, 7, 100
try, 21, 100
thought, 10, 100
>>, 2, 100
,, 100, 100
cents, 8, 100
2:00:00, 0, 100
1:00:00, 0, 100
throughout, 4, 100
result, 12, 100
PEP, 1, 100
respect, 10, 100
reply, 5, 100
J, 100, 100
10/19/2001, 0, 100
run, 5, 100
led, 27, 100
goes, 2, 100
Dr., 3, 100
24, 36, 100
15,, 0, 100
1,, 28, 100
12, 58, 100
Ken, 2, 100
follows, 17, 100
V, 100, 100
Europe, 6, 100
11:00, 0, 100
10,, 7, 100
events, 8, 100
t, 100, 100
groups, 5, 100
Project, 0, 100
type, 5, 100
o=, 18, 100
job, 10, 100
enjoy, 6, 100
ce, 79, 100
Bob, 3, 100
results, 9, 100
lot, 15, 100
<TH, 0, 100
4., 41, 100
10/21/2001, 0, 100
post, 15, 100
Red, 4, 100
EBS, 0, 100
:, 100, 100
500, 11, 100
11/10/2000, 1, 100
box, 9, 100
Shop, 6, 100
Desk, 2, 100
out., 5, 100
moved, 6, 100
fell, 3, 100
50%, 1, 100
room, 5, 100
pm, 17, 100
Close, 4, 100
8, 100, 100
(SFO), 0, 100
love, 3, 100
loss, 4, 100
Buy, 4, 100
14,, 1, 100
Terms, 0, 100
July, 1, 100
------------------------, 20, 100
follows:, 5, 100
Joe, 4, 100
05/11/2001, 0, 100
property, 5, 100
et, 100, 100
MO, 8, 100
Hub, 6, 100
Book, 1, 100
2002,, 1, 100
1), 19, 100
%, 16, 100
reserved., 10, 100
purposes, 13, 100
products,, 3, 100
present, 15, 100
5/5/2001, 0, 100
22,, 0, 100
(403), 0, 100
costs, 7, 100
NEW, 8, 100
CPR, 1, 100
systems, 7, 100
PR, 17, 100
1,000, 11, 100
_____________________________________________________________________, 3, 100
PROS, 0, 100
5/4/2001, 0, 100
17,, 0, 100
14, 31, 100
#=09, 0, 100
develop, 11, 100
SYSTEM, 0, 100
6,, 3, 100
23,, 4, 100
looks, 8, 100
El, 15, 100
713-345-3716, 0, 100
2002:, 0, 100
r=20, 10, 100
$100, 4, 100
up., 3, 100
requests, 2, 100
express, 7, 100
enter, 24, 100
??, 5, 100
2001,, 3, 100
-------------------------------------, 10, 100
th=, 7, 100
fully, 12, 100
cut, 11, 100
9, 90, 100
x, 100, 100
steel, 1, 100
follow, 29, 100
e=20, 12, 100
ENERGY, 0, 100
?|?, 0, 100
=3D=3D=3D=3D=3D=3D=3D=3D=3D=3D=3D=3D=3D=3D, 10, 100
30,, 5, 100
26,, 0, 100
11/18/2001, 0, 100
(212), 0, 100
y, 100, 100
huge, 1, 100
@, 100, 100
25, 44, 100
selected, 2, 100
choose, 0, 100
System, 4, 100
SYSTEMS:, 0, 100
2), 16, 100
*=09, 0, 100
(SJU)=09, 0, 100
refer, 22, 100
expect, 9, 100
desk, 5, 100
P, 100, 100
Colleen, 1, 100
11/16/2001, 0, 100
10/27/2001, 0, 100
seen, 5, 100
Green, 6, 100
EOL, 1, 100
Brent, 3, 100
5:00pm, 0, 100
Over, 7, 100
E., 7, 100
5., 40, 100
16, 38, 100
yes,, 2, 100
Server, 0, 100
Revenue, 0, 100
Next, 2, 100
Group,, 2, 100
FT, 12, 100
books, 6, 100
18, 45, 100
producers, 0, 100
output, 1, 100
browser., 11, 100
brought, 3, 100
_________________________________________________________, 4, 100
_._._._._._._._._._._._._._._._._._._._._._._._._._._._._._._._._._, 0, 100
References, 0, 100
OP-ED, 0, 100
M., 7, 100
Employee, 3, 100
50, 36, 100
12,, 1, 100
-0500, 1, 100
$50, 2, 100
servers, 3, 100
ou, 87, 100
lost, 1, 100
hotel, 0, 100
entered, 3, 100
couple, 6, 100
PG&E, 0, 100
=09*, 0, 100
6-26-02.PST, 2, 100
27,, 3, 100
1999, 9, 100
---------, 20, 100
successful, 6, 100
product,, 11, 100
n=20, 5, 100
d, 100, 100
5/19/2001, 0, 100
5,, 3, 100
seems, 2, 100
represents, 0, 100
guys, 4, 100
L., 3, 100
6., 32, 100
(C), 9, 100
(, 100, 100
rose, 4, 100
Room, 2, 100
Computer, 5, 100
;, 100, 100
sender, 0, 100
drop, 5, 100
__________________________________________________, 8, 100
School, 1, 100
G, 68, 100
13, 50, 100
01,, 9, 100
truly, 2, 100
net, 42, 100
model, 4, 100
SYSTEM:, 0, 100
6), 6, 100
~~~~~~~~~~~~, 2, 100
serve, 23, 100
recently, 2, 100
outlook, 3, 100
log, 24, 100
cover, 11, 100
NWP, 0, 100
>, 100, 100
=, 100, 100
-, 100, 100
?, 49, 100
X-cc:, 100, 100
X-bcc:, 100, 100
X-Folder:, 100, 100
=20, 19, 100
PM, 24, 100
new, 47, 100
2001, 41, 100
*, 26, 100
up, 45, 100
thru, 0, 100
-----, 26, 100
2000, 75, 100
&, 35, 100
New, 28, 100
out, 48, 100
Sent:, 7, 100
over, 25, 100
CT, 29, 100
PT, 4, 100
Energy, 7, 100
(713), 0, 100
through, 22, 100
go, 58, 100
see, 31, 100
E, 100, 100
Folders\'sent, 32, 100
next, 26, 100
cc:, 100, 100
need, 21, 100
such, 20, 100
., 100, 100
U.S., 14, 100
John, 15, 100
--, 48, 100
two, 27, 100
Cc:, 10, 100
employees, 14, 100
---------------------------, 20, 100
----------------------, 20, 100
send, 15, 100
energy, 6, 100
very, 26, 100
-?, 1, 100
2002, 5, 100
Sun, 14, 100
19,, 1, 100
S, 100, 100
per, 42, 100
<P>, 0, 100
10, 100, 100
under, 16, 100
2, 100, 100
current, 17, 100
Bcc:, 8, 100
Purpose:, 0, 100
=========================, 5, 100
T, 100, 100
end, 51, 100
free, 16, 100
system, 12, 100
-->, 0, 100
those, 13, 100
people, 12, 100
<!--, 0, 100
Request, 3, 100
], 18, 100
\KHOLST, 1, 100
[, 18, 100
KHOLST, 1, 100
Holst-K, 1, 100
1, 100, 100
NEWS:, 1, 100
=09, 3, 100
TX, 6, 100
<BR>, 0, 100
currently, 10, 100
???????, 1, 100
M, 100, 100
much, 7, 100
1., 100, 100
<TR><TD, 0, 100
sent, 54, 100
products, 20, 100
p.m., 3, 100
news, 30, 100
L, 97, 100
full, 17, 100
FREE, 14, 100
even, 34, 100
group, 10, 100
5/12/2001, 0, 100
Center, 14, 100
look, 30, 100
Motley,, 1, 100
2., 45, 100
R, 86, 100
both, 12, 100
3, 93, 100
subject, 14, 100
move, 22, 100
old, 100, 100
future, 13, 100
News, 20, 100
<br>, 1, 100
select, 11, 100
5, 100, 100
few, 6, 100
Steve, 10, 100
4, 94, 100
Dynegy, 0, 100
server, 3, 100
CENTER, 1, 100
+, 6, 100
motley, 1, 100
MOTLEY-M, 1, 100
Jeff, 3, 100
6-26-02.pst, 1, 100
posted, 3, 100
process, 9, 100
open, 9, 100
EES, 2, 100
sure, 21, 100
F, 100, 100
11,, 21, 100
set, 100, 100
close, 13, 100
6, 89, 100
low, 37, 100
put, 17, 100
$, 26, 100
good, 17, 100
11/17/2001, 0, 100
D, 100, 100
hope, 6, 100
due, 5, 100
N, 100, 100
NY, 12, 100
closed, 10, 100
copy, 16, 100
2001., 4, 100
10/20/2001, 0, 100
product, 27, 100
3., 46, 100
|?, 0, 100
three, 6, 100
Outlook, 3, 100
FERC, 1, 100
Scott, 8, 100
needed, 6, 100
Net, 16, 100
<TD, 0, 100
6:00:00, 1, 100
revenue, 5, 100
growth, 13, 100
4:00:00, 0, 100
needs, 6, 100
test, 21, 100
------------------------------------------------------------------------------, 2, 100
keep, 5, 100
See, 8, 100
Group, 6, 100
o, 100, 100
Co., 5, 100
tell, 22, 100
key, 9, 100
|, 2, 100
K, 51, 100
7:00:00, 0, 100
20, 100, 100
cost, 11, 100
Go, 23, 100
screen, 2, 100
project, 6, 100
percent, 6, 100
level, 9, 100
12:00:00, 0, 100
recent, 10, 100
=3D=3D=3D=3D=3D=3D=3D=3D=3D=3D=3D=3D=3D=3D=3D=3D=3D=3D=3D=3D=3D=3D=3D=3D=3D=, 10, 100
terms, 5, 100
<TR>, 0, 100
</TR>, 0, 100
employee, 15, 100
Y, 60, 100
W, 77, 100
11:00:00, 0, 100
/, 100, 100
ends, 18, 100
e, 100, 100
15, 34, 100
event, 15, 100
=3D-=3D-=3D-=3D-=3D-=3D-=3D-=3D-=3D-=3D-=3D-=3D-=3D-=3D-=3D-=3D-=3D-=3D-=3D=, 9, 100
<hr, 0, 100
-=3D-=3D-=3D-=3D-=3D-=3D-=3D-=3D-=3D-=3D-=3D-=3D-=3D-=3D-=3D, 9, 100
press, 22, 100
request, 16, 100
less, 18, 100
de, 100, 100
Select, 5, 100
=01), 1, 100
5/11/2001, 0, 100
problems, 4, 100
return, 4, 100
crude, 3, 100
sell, 18, 100
feel, 4, 100
O, 100, 100
8:00:00, 0, 100
3:00:00, 0, 100
t=, 100, 100
role, 2, 100
31,, 4, 100
text, 100, 100
ensure, 9, 100
</TD>, 0, 100
Dec, 70, 100
7, 100, 100
5:00:00, 0, 100
16,, 1, 100
13,, 2, 100
OWS, 0, 100
left, 7, 100
CEO, 7, 100
B, 67, 100
10:00:00, 0, 100
supply, 3, 100
s, 100, 100
book, 10, 100
Pool, 0, 100
Street, 6, 100
2000., 11, 100
2000,, 2, 100
11/11/2000, 0, 100
found, 10, 100
2002., 1, 100
11, 64, 100
(DFW)=09, 0, 100
proposed, 5, 100
requested, 10, 100
St., 4, 100
<p>, 0, 100
r, 100, 100
Peter, 5, 100
H, 84, 100
buy, 20, 100
Greg, 4, 100
C, 100, 100
30, 38, 100
(2), 11, 100
turn, 13, 100
FL, 3, 100
Free, 7, 100
(1), 11, 100
term, 17, 100
process., 1, 100
TCPL, 1, 100
SEE, 0, 100
Los, 1, 100
Dell, 2, 100
9:00:00, 0, 100
n, 100, 100
SERVER:, 0, 100
Rob, 20, 100
June, 3, 100
suggest, 11, 100
computer, 7, 100
turned, 5, 100
------------------------------------------------------------, 7, 100
expected, 7, 100
try, 21, 100
thought, 10, 100
>>, 2, 100
,, 100, 100
cents, 8, 100
2:00:00, 0, 100
1:00:00, 0, 100
throughout, 4, 100
result, 12, 100
PEP, 1, 100
respect, 10, 100
reply, 5, 100
J, 100, 100
10/19/2001, 0, 100
run, 5, 100
led, 27, 100
goes, 2, 100
Dr., 3, 100
24, 36, 100
15,, 0, 100
1,, 28, 100
12, 58, 100
Ken, 2, 100
follows, 17, 100
V, 100, 100
Europe, 6, 100
11:00, 0, 100
10,, 7, 100
events, 8, 100
t, 100, 100
groups, 5, 100
Project, 0, 100
type, 5, 100
o=, 18, 100
job, 10, 100
enjoy, 6, 100
ce, 79, 100
Bob, 3, 100
results, 9, 100
lot, 15, 100
<TH, 0, 100
4., 41, 100
10/21/2001, 0, 100
post, 15, 100
Red, 4, 100
EBS, 0, 100
:, 100, 100
500, 11, 100
11/10/2000, 1, 100
box, 9, 100
Shop, 6, 100
Desk, 2, 100
out., 5, 100
moved, 6, 100
fell, 3, 100
50%, 1, 100
room, 5, 100
pm, 17, 100
Close, 4, 100
8, 100, 100
(SFO), 0, 100
love, 3, 100
loss, 4, 100
Buy, 4, 100
14,, 1, 100
Terms, 0, 100
July, 1, 100
------------------------, 20, 100
follows:, 5, 100
Joe, 4, 100
05/11/2001, 0, 100
property, 5, 100
et, 100, 100
MO, 8, 100
Hub, 6, 100
Book, 1, 100
2002,, 1, 100
1), 19, 100
%, 16, 100
reserved., 10, 100
purposes, 13, 100
products,, 3, 100
present, 15, 100
5/5/2001, 0, 100
22,, 0, 100
(403), 0, 100
costs, 7, 100
NEW, 8, 100
CPR, 1, 100
systems, 7, 100
PR, 17, 100
1,000, 11, 100
_____________________________________________________________________, 3, 100
PROS, 0, 100
5/4/2001, 0, 100
17,, 0, 100
14, 31, 100
#=09, 0, 100
develop, 11, 100
SYSTEM, 0, 100
6,, 3, 100
23,, 4, 100
looks, 8, 100
El, 15, 100
713-345-3716, 0, 100
2002:, 0, 100
r=20, 10, 100
$100, 4, 100
up., 3, 100
requests, 2, 100
express, 7, 100
enter, 24, 100
??, 5, 100
2001,, 3, 100
-------------------------------------, 10, 100
th=, 7, 100
fully, 12, 100
cut, 11, 100
9, 90, 100
x, 100, 100
steel, 1, 100
follow, 29, 100
e=20, 12, 100
ENERGY, 0, 100
?|?, 0, 100
=3D=3D=3D=3D=3D=3D=3D=3D=3D=3D=3D=3D=3D=3D, 10, 100
30,, 5, 100
26,, 0, 100
11/18/2001, 0, 100
(212), 0, 100
y, 100, 100
huge, 1, 100
@, 100, 100
25, 44, 100
selected, 2, 100
choose, 0, 100
System, 4, 100
SYSTEMS:, 0, 100
2), 16, 100
*=09, 0, 100
(SJU)=09, 0, 100
refer, 22, 100
expect, 9, 100
desk, 5, 100
P, 100, 100
Colleen, 1, 100
11/16/2001, 0, 100
10/27/2001, 0, 100
seen, 5, 100
Green, 6, 100
EOL, 1, 100
Brent, 3, 100
5:00pm, 0, 100
Over, 7, 100
E., 7, 100
5., 40, 100
16, 38, 100
yes,, 2, 100
Server, 0, 100
Revenue, 0, 100
Next, 2, 100
Group,, 2, 100
FT, 12, 100
books, 6, 100
18, 45, 100
producers, 0, 100
output, 1, 100
browser., 11, 100
brought, 3, 100
_________________________________________________________, 4, 100
_._._._._._._._._._._._._._._._._._._._._._._._._._._._._._._._._._, 0, 100
References, 0, 100
OP-ED, 0, 100
M., 7, 100
Employee, 3, 100
50, 36, 100
12,, 1, 100
-0500, 1, 100
$50, 2, 100
servers, 3, 100
ou, 87, 100
lost, 1, 100
hotel, 0, 100
entered, 3, 100
couple, 6, 100
PG&E, 0, 100
=09*, 0, 100
6-26-02.PST, 2, 100
27,, 3, 100
1999, 9, 100
---------, 20, 100
successful, 6, 100
product,, 11, 100
n=20, 5, 100
d, 100, 100
5/19/2001, 0, 100
5,, 3, 100
seems, 2, 100
represents, 0, 100
guys, 4, 100
L., 3, 100
6., 32, 100
(C), 9, 100
(, 100, 100
rose, 4, 100
Room, 2, 100
Computer, 5, 100
;, 100, 100
sender, 0, 100
drop, 5, 100
__________________________________________________, 8, 100
School, 1, 100
G, 68, 100
13, 50, 100
01,, 9, 100
truly, 2, 100
net, 42, 100
model, 4, 100
SYSTEM:, 0, 100
6), 6, 100
~~~~~~~~~~~~, 2, 100
serve, 23, 100
recently, 2, 100
outlook, 3, 100
log, 24, 100
cover, 11, 100
NWP, 0, 100
>, 100, 100
=, 100, 100
-, 100, 100
?, 49, 100
X-cc:, 100, 100
X-bcc:, 100, 100
X-Folder:, 100, 100
=20, 19, 100
PM, 24, 100
new, 47, 100
2001, 41, 100
*, 26, 100
up, 45, 100
-----, 26, 100
2000, 75, 100
&, 35, 100
New, 28, 100
out, 48, 100
Sent:, 7, 100
over, 25, 100
CT, 29, 100
PT, 4, 100
Energy, 7, 100
through, 22, 100
go, 58, 100
see, 31, 100
E, 100, 100
Folders\'sent, 32, 100
next, 26, 100
cc:, 100, 100
need, 21, 100
such, 20, 100
., 100, 100
U.S., 14, 100
John, 15, 100
--, 48, 100
two, 27, 100
Cc:, 10, 100
employees, 14, 100
---------------------------, 20, 100
----------------------, 20, 100
send, 15, 100
energy, 6, 100
very, 26, 100
-?, 1, 100
2002, 5, 100
Sun, 14, 100
19,, 1, 100
S, 100, 100
per, 42, 100
10, 100, 100
under, 16, 100
2, 100, 100
current, 17, 100
Bcc:, 8, 100
=========================, 5, 100
T, 100, 100
end, 51, 100
free, 16, 100
system, 12, 100
those, 13, 100
people, 12, 100
Request, 3, 100
], 18, 100
\KHOLST, 1, 100
[, 18, 100
KHOLST, 1, 100
Holst-K, 1, 100
1, 100, 100
NEWS:, 1, 100
=09, 3, 100
TX, 6, 100
currently, 10, 100
???????, 1, 100
M, 100, 100
much, 7, 100
1., 100, 100
sent, 54, 100
products, 20, 100
p.m., 3, 100
news, 30, 100
L, 97, 100
full, 17, 100
FREE, 14, 100
even, 34, 100
group, 10, 100
Center, 14, 100
look, 30, 100
Motley,, 1, 100
2., 45, 100
R, 86, 100
both, 12, 100
3, 93, 100
subject, 14, 100
move, 22, 100
old, 100, 100
future, 13, 100
News, 20, 100
<br>, 1, 100
select, 11, 100
5, 100, 100
few, 6, 100
Steve, 10, 100
4, 94, 100
server, 3, 100
CENTER, 1, 100
+, 6, 100
motley, 1, 100
MOTLEY-M, 1, 100
Jeff, 3, 100
6-26-02.pst, 1, 100
posted, 3, 100
process, 9, 100
open, 9, 100
EES, 2, 100
sure, 21, 100
F, 100, 100
11,, 21, 100
set, 100, 100
close, 13, 100
6, 89, 100
low, 37, 100
put, 17, 100
$, 26, 100
good, 17, 100
D, 100, 100
hope, 6, 100
due, 5, 100
N, 100, 100
NY, 12, 100
closed, 10, 100
copy, 16, 100
2001., 4, 100
product, 27, 100
3., 46, 100
three, 6, 100
Outlook, 3, 100
FERC, 1, 100
Scott, 8, 100
needed, 6, 100
Net, 16, 100
6:00:00, 1, 100
revenue, 5, 100
growth, 13, 100
needs, 6, 100
test, 21, 100
------------------------------------------------------------------------------, 2, 100
keep, 5, 100
See, 8, 100
Group, 6, 100
o, 100, 100
Co., 5, 100
tell, 22, 100
key, 9, 100
|, 2, 100
K, 51, 100
20, 100, 100
cost, 11, 100
Go, 23, 100
screen, 2, 100
project, 6, 100
percent, 6, 100
level, 9, 100
recent, 10, 100
=3D=3D=3D=3D=3D=3D=3D=3D=3D=3D=3D=3D=3D=3D=3D=3D=3D=3D=3D=3D=3D=3D=3D=3D=3D=, 10, 100
terms, 5, 100
employee, 15, 100
Y, 60, 100
W, 77, 100
/, 100, 100
ends, 18, 100
e, 100, 100
15, 34, 100
event, 15, 100
=3D-=3D-=3D-=3D-=3D-=3D-=3D-=3D-=3D-=3D-=3D-=3D-=3D-=3D-=3D-=3D-=3D-=3D-=3D=, 9, 100
-=3D-=3D-=3D-=3D-=3D-=3D-=3D-=3D-=3D-=3D-=3D-=3D-=3D-=3D-=3D, 9, 100
press, 22, 100
request, 16, 100
less, 18, 100
de, 100, 100
Select, 5, 100
=01), 1, 100
problems, 4, 100
return, 4, 100
crude, 3, 100
sell, 18, 100
feel, 4, 100
O, 100, 100
t=, 100, 100
role, 2, 100
31,, 4, 100
text, 100, 100
ensure, 9, 100
Dec, 70, 100
7, 100, 100
16,, 1, 100
13,, 2, 100
left, 7, 100
CEO, 7, 100
B, 67, 100
supply, 3, 100
s, 100, 100
book, 10, 100
Street, 6, 100
2000., 11, 100
2000,, 2, 100
found, 10, 100
2002., 1, 100
11, 64, 100
proposed, 5, 100
requested, 10, 100
St., 4, 100
r, 100, 100
Peter, 5, 100
H, 84, 100
buy, 20, 100
Greg, 4, 100
C, 100, 100
30, 38, 100
(2), 11, 100
turn, 13, 100
FL, 3, 100
Free, 7, 100
(1), 11, 100
term, 17, 100
process., 1, 100
TCPL, 1, 100
Los, 1, 100
Dell, 2, 100
n, 100, 100
Rob, 20, 100
June, 3, 100
suggest, 11, 100
computer, 7, 100
turned, 5, 100
------------------------------------------------------------, 7, 100
expected, 7, 100
try, 21, 100
thought, 10, 100
>>, 2, 100
,, 100, 100
cents, 8, 100
throughout, 4, 100
result, 12, 100
PEP, 1, 100
respect, 10, 100
reply, 5, 100
J, 100, 100
run, 5, 100
led, 27, 100
goes, 2, 100
Dr., 3, 100
24, 36, 100
1,, 28, 100
12, 58, 100
Ken, 2, 100
follows, 17, 100
V, 100, 100
Europe, 6, 100
10,, 7, 100
events, 8, 100
t, 100, 100
groups, 5, 100
type, 5, 100
o=, 18, 100
job, 10, 100
enjoy, 6, 100
ce, 79, 100
Bob, 3, 100
results, 9, 100
lot, 15, 100
4., 41, 100
post, 15, 100
Red, 4, 100
:, 100, 100
500, 11, 100
11/10/2000, 1, 100
box, 9, 100
Shop, 6, 100
Desk, 2, 100
out., 5, 100
moved, 6, 100
fell, 3, 100
50%, 1, 100
room, 5, 100
pm, 17, 100
Close, 4, 100
8, 100, 100
love, 3, 100
loss, 4, 100
Buy, 4, 100
14,, 1, 100
July, 1, 100
------------------------, 20, 100
follows:, 5, 100
Joe, 4, 100
property, 5, 100
et, 100, 100
MO, 8, 100
Hub, 6, 100
Book, 1, 100
2002,, 1, 100
1), 19, 100
%, 16, 100
reserved., 10, 100
purposes, 13, 100
products,, 3, 100
present, 15, 100
costs, 7, 100
NEW, 8, 100
CPR, 1, 100
systems, 7, 100
PR, 17, 100
1,000, 11, 100
_____________________________________________________________________, 3, 100
14, 31, 100
develop, 11, 100
6,, 3, 100
23,, 4, 100
looks, 8, 100
El, 15, 100
r=20, 10, 100
$100, 4, 100
up., 3, 100
requests, 2, 100
express, 7, 100
enter, 24, 100
??, 5, 100
2001,, 3, 100
-------------------------------------, 10, 100
th=, 7, 100
fully, 12, 100
cut, 11, 100
9, 90, 100
x, 100, 100
steel, 1, 100
follow, 29, 100
e=20, 12, 100
=3D=3D=3D=3D=3D=3D=3D=3D=3D=3D=3D=3D=3D=3D, 10, 100
30,, 5, 100
y, 100, 100
huge, 1, 100
@, 100, 100
25, 44, 100
selected, 2, 100
System, 4, 100
2), 16, 100
refer, 22, 100
expect, 9, 100
desk, 5, 100
P, 100, 100
Colleen, 1, 100
seen, 5, 100
Green, 6, 100
EOL, 1, 100
Brent, 3, 100
Over, 7, 100
E., 7, 100
5., 40, 100
16, 38, 100
yes,, 2, 100
Next, 2, 100
Group,, 2, 100
FT, 12, 100
books, 6, 100
18, 45, 100
output, 1, 100
browser., 11, 100
brought, 3, 100
_________________________________________________________, 4, 100
M., 7, 100
Employee, 3, 100
50, 36, 100
12,, 1, 100
-0500, 1, 100
$50, 2, 100
servers, 3, 100
ou, 87, 100
lost, 1, 100
entered, 3, 100
couple, 6, 100
6-26-02.PST, 2, 100
27,, 3, 100
1999, 9, 100
---------, 20, 100
successful, 6, 100
product,, 11, 100
n=20, 5, 100
d, 100, 100
5,, 3, 100
seems, 2, 100
guys, 4, 100
L., 3, 100
6., 32, 100
(C), 9, 100
(, 100, 100
rose, 4, 100
Room, 2, 100
Computer, 5, 100
;, 100, 100
drop, 5, 100
__________________________________________________, 8, 100
School, 1, 100
G, 68, 100
13, 50, 100
01,, 9, 100
truly, 2, 100
net, 42, 100
model, 4, 100
6), 6, 100
~~~~~~~~~~~~, 2, 100
serve, 23, 100
recently, 2, 100
outlook, 3, 100
log, 24, 100
cover, 11, 100
>, 100, 100
=, 100, 100
-, 100, 100
?, 49, 100
X-cc:, 100, 100
X-bcc:, 100, 100
X-Folder:, 100, 100
=20, 19, 100
PM, 24, 100
new, 47, 100
2001, 41, 100
*, 26, 100
up, 45, 100
-----, 26, 100
2000, 75, 100
&, 35, 100
New, 28, 100
out, 48, 100
Sent:, 7, 100
over, 25, 100
CT, 29, 100
PT, 4, 100
Energy, 7, 100
through, 22, 100
go, 58, 100
see, 31, 100
E, 100, 100
Folders\'sent, 32, 100
next, 26, 100
cc:, 100, 100
need, 21, 100
such, 20, 100
., 100, 100
U.S., 14, 100
John, 15, 100
--, 48, 100
two, 27, 100
Cc:, 10, 100
employees, 14, 100
---------------------------, 20, 100
----------------------, 20, 100
send, 15, 100
energy, 6, 100
very, 26, 100
-?, 1, 100
2002, 5, 100
Sun, 14, 100
19,, 1, 100
S, 100, 100
per, 42, 100
10, 100, 100
under, 16, 100
2, 100, 100
current, 17, 100
Bcc:, 8, 100
=========================, 5, 100
T, 100, 100
end, 51, 100
free, 16, 100
system, 12, 100
those, 13, 100
people, 12, 100
Request, 3, 100
], 18, 100
\KHOLST, 1, 100
[, 18, 100
KHOLST, 1, 100
Holst-K, 1, 100
1, 100, 100
NEWS:, 1, 100
=09, 3, 100
TX, 6, 100
currently, 10, 100
???????, 1, 100
M, 100, 100
much, 7, 100
1., 100, 100
sent, 54, 100
products, 20, 100
p.m., 3, 100
news, 30, 100
L, 97, 100
full, 17, 100
FREE, 14, 100
even, 34, 100
group, 10, 100
Center, 14, 100
look, 30, 100
Motley,, 1, 100
2., 45, 100
R, 86, 100
both, 12, 100
3, 93, 100
subject, 14, 100
move, 22, 100
old, 100, 100
future, 13, 100
News, 20, 100
<br>, 1, 100
select, 11, 100
5, 100, 100
few, 6, 100
Steve, 10, 100
4, 94, 100
server, 3, 100
CENTER, 1, 100
+, 6, 100
motley, 1, 100
MOTLEY-M, 1, 100
Jeff, 3, 100
6-26-02.pst, 1, 100
posted, 3, 100
process, 9, 100
open, 9, 100
EES, 2, 100
sure, 21, 100
F, 100, 100
11,, 21, 100
set, 100, 100
close, 13, 100
6, 89, 100
low, 37, 100
put, 17, 100
$, 26, 100
good, 17, 100
D, 100, 100
hope, 6, 100
due, 5, 100
N, 100, 100
NY, 12, 100
closed, 10, 100
copy, 16, 100
2001., 4, 100
product, 27, 100
3., 46, 100
three, 6, 100
Outlook, 3, 100
FERC, 1, 100
Scott, 8, 100
needed, 6, 100
Net, 16, 100
6:00:00, 1, 100
revenue, 5, 100
growth, 13, 100
needs, 6, 100
test, 21, 100
------------------------------------------------------------------------------, 2, 100
keep, 5, 100
See, 8, 100
Group, 6, 100
o, 100, 100
Co., 5, 100
tell, 22, 100
key, 9, 100
|, 2, 100
K, 51, 100
20, 100, 100
cost, 11, 100
Go, 23, 100
screen, 2, 100
project, 6, 100
percent, 6, 100
level, 9, 100
recent, 10, 100
=3D=3D=3D=3D=3D=3D=3D=3D=3D=3D=3D=3D=3D=3D=3D=3D=3D=3D=3D=3D=3D=3D=3D=3D=3D=, 10, 100
terms, 5, 100
employee, 15, 100
Y, 60, 100
W, 77, 100
/, 100, 100
ends, 18, 100
e, 100, 100
15, 34, 100
event, 15, 100
=3D-=3D-=3D-=3D-=3D-=3D-=3D-=3D-=3D-=3D-=3D-=3D-=3D-=3D-=3D-=3D-=3D-=3D-=3D=, 9, 100
-=3D-=3D-=3D-=3D-=3D-=3D-=3D-=3D-=3D-=3D-=3D-=3D-=3D-=3D-=3D, 9, 100
press, 22, 100
request, 16, 100
less, 18, 100
de, 100, 100
Select, 5, 100
=01), 1, 100
problems, 4, 100
return, 4, 100
crude, 3, 100
sell, 18, 100
feel, 4, 100
O, 100, 100
t=, 100, 100
role, 2, 100
31,, 4, 100
text, 100, 100
ensure, 9, 100
Dec, 70, 100
7, 100, 100
16,, 1, 100
13,, 2, 100
left, 7, 100
CEO, 7, 100
B, 67, 100
supply, 3, 100
s, 100, 100
book, 10, 100
Street, 6, 100
2000., 11, 100
2000,, 2, 100
found, 10, 100
2002., 1, 100
11, 64, 100
proposed, 5, 100
requested, 10, 100
St., 4, 100
r, 100, 100
Peter, 5, 100
H, 84, 100
buy, 20, 100
Greg, 4, 100
C, 100, 100
30, 38, 100
(2), 11, 100
turn, 13, 100
FL, 3, 100
Free, 7, 100
(1), 11, 100
term, 17, 100
process., 1, 100
TCPL, 1, 100
Los, 1, 100
Dell, 2, 100
n, 100, 100
Rob, 20, 100
June, 3, 100
suggest, 11, 100
computer, 7, 100
turned, 5, 100
------------------------------------------------------------, 7, 100
expected, 7, 100
try, 21, 100
thought, 10, 100
>>, 2, 100
,, 100, 100
cents, 8, 100
throughout, 4, 100
result, 12, 100
PEP, 1, 100
respect, 10, 100
reply, 5, 100
J, 100, 100
run, 5, 100
led, 27, 100
goes, 2, 100
Dr., 3, 100
24, 36, 100
1,, 28, 100
12, 58, 100
Ken, 2, 100
follows, 17, 100
V, 100, 100
Europe, 6, 100
10,, 7, 100
events, 8, 100
t, 100, 100
groups, 5, 100
type, 5, 100
o=, 18, 100
job, 10, 100
enjoy, 6, 100
ce, 79, 100
Bob, 3, 100
results, 9, 100
lot, 15, 100
4., 41, 100
post, 15, 100
Red, 4, 100
:, 100, 100
500, 11, 100
11/10/2000, 1, 100
box, 9, 100
Shop, 6, 100
Desk, 2, 100
out., 5, 100
moved, 6, 100
fell, 3, 100
50%, 1, 100
room, 5, 100
pm, 17, 100
Close, 4, 100
8, 100, 100
love, 3, 100
loss, 4, 100
Buy, 4, 100
14,, 1, 100
July, 1, 100
------------------------, 20, 100
follows:, 5, 100
Joe, 4, 100
property, 5, 100
et, 100, 100
MO, 8, 100
Hub, 6, 100
Book, 1, 100
2002,, 1, 100
1), 19, 100
%, 16, 100
reserved., 10, 100
purposes, 13, 100
products,, 3, 100
present, 15, 100
costs, 7, 100
NEW, 8, 100
CPR, 1, 100
systems, 7, 100
PR, 17, 100
1,000, 11, 100
_____________________________________________________________________, 3, 100
14, 31, 100
develop, 11, 100
6,, 3, 100
23,, 4, 100
looks, 8, 100
El, 15, 100
r=20, 10, 100
$100, 4, 100
up., 3, 100
requests, 2, 100
express, 7, 100
enter, 24, 100
??, 5, 100
2001,, 3, 100
-------------------------------------, 10, 100
th=, 7, 100
fully, 12, 100
cut, 11, 100
9, 90, 100
x, 100, 100
steel, 1, 100
follow, 29, 100
e=20, 12, 100
=3D=3D=3D=3D=3D=3D=3D=3D=3D=3D=3D=3D=3D=3D, 10, 100
30,, 5, 100
y, 100, 100
huge, 1, 100
@, 100, 100
25, 44, 100
selected, 2, 100
System, 4, 100
2), 16, 100
refer, 22, 100
expect, 9, 100
desk, 5, 100
P, 100, 100
Colleen, 1, 100
seen, 5, 100
Green, 6, 100
EOL, 1, 100
Brent, 3, 100
Over, 7, 100
E., 7, 100
5., 40, 100
16, 38, 100
yes,, 2, 100
Next, 2, 100
Group,, 2, 100
FT, 12, 100
books, 6, 100
18, 45, 100
output, 1, 100
browser., 11, 100
brought, 3, 100
_________________________________________________________, 4, 100
M., 7, 100
Employee, 3, 100
50, 36, 100
12,, 1, 100
-0500, 1, 100
$50, 2, 100
servers, 3, 100
ou, 87, 100
lost, 1, 100
entered, 3, 100
couple, 6, 100
6-26-02.PST, 2, 100
27,, 3, 100
1999, 9, 100
---------, 20, 100
successful, 6, 100
product,, 11, 100
n=20, 5, 100
d, 100, 100
5,, 3, 100
seems, 2, 100
guys, 4, 100
L., 3, 100
6., 32, 100
(C), 9, 100
(, 100, 100
rose, 4, 100
Room, 2, 100
Computer, 5, 100
;, 100, 100
drop, 5, 100
__________________________________________________, 8, 100
School, 1, 100
G, 68, 100
13, 50, 100
01,, 9, 100
truly, 2, 100
net, 42, 100
model, 4, 100
6), 6, 100
~~~~~~~~~~~~, 2, 100
serve, 23, 100
recently, 2, 100
outlook, 3, 100
log, 24, 100
cover, 11, 100