
>, 100, 100
X-cc:, 100, 100
X-bcc:, 100, 100
X-Folder:, 100, 100
-, 100, 100
PM, 19, 100
cc:, 100, 100
Cc:, 43, 100
2001, 55, 100
?, 10, 100
---------------------------, 1, 100
----------------------, 2, 100
up, 48, 100
out, 28, 100
Folders\'sent, 0, 100
*, 19, 100
need, 17, 100
Bcc:, 38, 100
Sent:, 19, 100
=20, 1, 100
>>, 29, 100
new, 16, 100
6-26-02.PST, 5, 100
John, 45, 100
see, 13, 100
&, 10, 100
=, 100, 100
--, 52, 100
2002, 47, 100
through, 8, 100
go, 26, 100
2, 100, 100
over, 15, 100
Energy, 13, 100
thru, 0, 100
(713), 1, 100
two, 10, 100
found, 12, 100
send, 12, 100
Pete, 37, 100
C, 100, 100
<td, 0, 100
Judy, 1, 100
=09, 0, 100
New, 12, 100
next, 5, 100
LOG, 27, 100
sure, 15, 100
Semperger,, 4, 100
1, 100, 100
under, 10, 100
semperger, 2, 100
SEMPERGER-C, 1, 100
6-25-02.PST, 69, 100
those, 3, 100
:, 100, 100
>>>>>, 0, 100
sent, 8, 100
request, 5, 100
CT, 18, 100
2000, 8, 100
very, 10, 100
per, 24, 100
PT, 0, 100
</tr>, 0, 100
such, 2, 100
employees, 7, 100
***, 12, 100
-----, 21, 100
group, 7, 100
E, 100, 100
MKT_TYPE:, 11, 100
progress., 12, 100
look, 13, 100
dhyvl.nsf, 1, 100
HYVL-D, 1, 100
7-11-02.PST, 1, 100
hope, 7, 100
much, 7, 100
10, 100, 100
energy, 8, 100
7-12-02, 0, 100
4, 99, 100
due, 4, 100
FREE, 2, 100
M, 100, 100
old, 100, 100
free, 11, 100
S, 100, 100
>>>, 1, 100
system, 7, 100
copy, 0, 100
Sun, 5, 100
set, 100, 100
currently, 16, 100
3, 97, 100
preferred, 11, 100
Jeff, 5, 100
love, 2, 100
Bob, 4, 100
,, 100, 100
</td>, 0, 100
put, 7, 100
both, 3, 100
good, 2, 100
TX, 2, 100
people, 1, 100
end, 25, 100
1., 100, 100
|, 0, 100
p.m., 1, 100
X, 100, 100
<tr>, 0, 100
few, 7, 100
2., 85, 100
----, 32, 100
current, 20, 100
5, 100, 100
Center, 11, 100
process, 8, 100
expected, 1, 100
@, 100, 100
See, 4, 100
2001., 2, 100
feel, 8, 100
God, 0, 100
Steve, 12, 100
R, 99, 100
even, 9, 100
BP, 7, 100
1/2/02, 19, 100
., 100, 100
/, 100, 100
future, 6, 100
Peter, 3, 100
3., 31, 100
cut, 8, 100
UBS, 2, 100
Free, 0, 100
Joe, 1, 100
Purpose:, 0, 100
Jeffrey, 1, 100
<<<>>>, 0, 100
needs, 5, 100
subject, 3, 100
24, 22, 100
10/20/2001, 0, 100
Scott, 5, 100
tell, 4, 100
ENRJ, 13, 100
1,, 8, 100
left, 1, 100
keep, 6, 100
F, 100, 100
products, 0, 100
close, 2, 100
Folders\24-hr, 0, 100
6, 97, 100
11, 30, 100
prefer, 14, 100
<br>, 0, 100
book, 5, 100
cost, 5, 100
Outlook, 2, 100
Request, 3, 100
L, 81, 100
ENGY_TYPE:, 11, 100
reply, 1, 100
problems, 5, 100
W, 86, 100
10/27/2001, 0, 100
thought, 4, 100
ETS, 2, 100
2002., 2, 100
room, 1, 100
less, 7, 100
employee, 7, 100
books, 1, 100
_____, 2, 100
test, 4, 100
full, 6, 100
30, 41, 100
three, 0, 100
El, 5, 100
20, 100, 100
buy, 6, 100
J, 100, 100
<TD, 0, 100
//, 8, 100
John;, 3, 100
requested, 1, 100
<tr, 0, 100
event, 5, 100
7, 100, 100
D, 100, 100
Book, 0, 100
6:00:00, 0, 100
15,, 0, 100
Good, 1, 100
proposed, 3, 100
4., 16, 100
ensure, 3, 100
V, 100, 100
Ellen, 0, 100
1), 1, 100
try, 4, 100
12:00:00, 0, 100
type, 3, 100
return, 2, 100
posted, 2, 100
8, 100, 100
2), 2, 100
1400, 0, 100
enjoy, 0, 100
Entergy, 0, 100
ESC, 0, 100
5., 30, 100
open, 1, 100
executed, 1, 100
couple, 1, 100
follow, 13, 100
Type, 100, 100
Rebook, 0, 100
<TR, 0, 100
23,, 1, 100
17,, 1, 100
turn, 3, 100
percent, 2, 100
T, 100, 100
<<, 1, 100
-->>, 27, 100
server, 0, 100
><TD, 0, 100
31, 68, 100
DG, 12, 100
12, 46, 100
sender, 1, 100
product, 1, 100
expect, 2, 100
BPs, 0, 100
77002, 0, 100
terms, 0, 100
select, 2, 100
remove, 0, 100
needed, 0, 100
U.S., 2, 100
29,, 2, 100
closed, 0, 100
10/19/2001, 0, 100
", 18, 100
NEW, 2, 100
D., 3, 100
run, 5, 100
request., 1, 100
---, 33, 100
CST, 0, 100
14, 55, 100
10,, 3, 100
t=, 100, 100
follows:, 2, 100
July, 1, 100
1st, 4, 100
move, 3, 100
guys, 0, 100
recent, 5, 100
SQL, 12, 100
Group, 7, 100
Errol, 0, 100
6., 20, 100
"Love, 0, 100
NY, 4, 100
Mr., 2, 100
model, 3, 100
Koch, 0, 100
FT, 1, 100
CENTER, 0, 100
-->, 27, 100
looks, 1, 100
Dynegy, 1, 100
24,, 3, 100
enter, 13, 100
Gossett/HOU/ECT@ECT,, 0, 100
Celeste, 0, 100
;, 100, 100
(, 100, 100
#, 8, 100
supply, 1, 100
result, 2, 100
Sent, 27, 100
EB, 2, 100
18,, 1, 100
**********************************************************************, 1, 100
Requested, 0, 100
June, 2, 100
10:00, 1, 100
10/21/2001, 0, 100
e, 100, 100
9, 80, 100
unless, 1, 100
low, 23, 100
Steve;, 2, 100
ECTstSW, 11, 100
11:00, 1, 100
Love/HOU/ECT@ECT,, 0, 100
lot, 3, 100
fully, 3, 100
curves, 0, 100
Reeves/HOU/ECT@ECT,, 0, 100
4:00:00, 0, 100
30,, 4, 100
12,, 2, 100
term, 7, 100
<BR>, 0, 100
WR, 1, 100
Street,, 0, 100
Hunter/HOU/ECT@ECT,, 0, 100
FERC, 2, 100
sell, 7, 100
screen, 0, 100
News, 0, 100
16,, 1, 100
suggest, 4, 100
System, 3, 100
EES, 0, 100
Green, 0, 100
Employees, 3, 100
CO, 13, 100
2:00, 1, 100
15, 49, 100
up., 2, 100
03/14/2001, 0, 100
Oct., 0, 100
7:00:00, 0, 100
system., 2, 100
recently, 3, 100
press, 7, 100
lunch, 7, 100
C., 8, 100
100, 10, 100
rest, 9, 100
project, 2, 100
box, 0, 100
25, 83, 100
(See, 1, 100
B, 90, 100
13, 74, 100
curve, 0, 100
S., 5, 100
Desk, 29, 100
10:00:00, 0, 100
news, 2, 100
flow, 3, 100
S.;, 1, 100
LLC, 0, 100
Ken, 3, 100
HR, 4, 100
25,, 1, 100
etc., 2, 100
St., 0, 100
H, 82, 100
Go, 9, 100
=09*, 0, 100
<p, 0, 100
5/19/2001, 0, 100
03/19/2001, 0, 100
WSCC, 0, 100
Blue, 2, 100
<TR>, 0, 100
---------, 3, 100
log, 6, 100
Per, 6, 100
NERC, 0, 100
MSN, 1, 100
Hotel, 0, 100
refer, 19, 100
future,, 0, 100
Greg, 2, 100
9:00, 1, 100
22,, 0, 100
yes,, 1, 100
seen, 2, 100
process., 2, 100
out., 0, 100
hold, 5, 100
costs, 4, 100
Trent, 0, 100
K, 41, 100
Group,, 4, 100
Love, 1, 100
GJ, 0, 100
EOL, 0, 100
<!--, 0, 100
3), 3, 100
11,, 1, 100
+, 2, 100
speed, 1, 100
selected, 0, 100
problem, 6, 100
looked, 0, 100
folder, 1, 100
desk, 3, 100
Y, 84, 100
groups, 1, 100
RB, 0, 100
N, 100, 100
J., 3, 100
Express, 3, 100
28,, 1, 100
$25, 0, 100
NGGJ, 0, 100
8,, 2, 100
18, 27, 100
14,, 0, 100
role, 3, 100
pm, 4, 100
Cost, 0, 100
26,, 1, 100
2002,, 2, 100
results, 1, 100
SEE, 1, 100
MW, 1, 100
Employee, 3, 100
5th, 1, 100
lost, 2, 100
loss, 1, 100
funds, 0, 100
7., 32, 100
1/1/02, 6, 100
02/05/2001, 0, 100
$94, 0, 100
systems, 2, 100
successful, 0, 100
spoke, 4, 100
removed, 0, 100
PG&E, 0, 100
Lee, 1, 100
7,, 2, 100
goes, 0, 100
Net, 3, 100
Due, 4, 100
2001,, 0, 100
03/13/2001, 0, 100
kept, 2, 100
group., 0, 100
Preferred, 5, 100
John,, 2, 100
HPL, 1, 100
Fuel, 0, 100
FTP, 0, 100
CBS, 0, 100
<td>, 0, 100
3:00:00, 0, 100
23, 24, 100
12:00, 0, 100
10/28/2001, 0, 100
$10, 2, 100
ph:, 0, 100
entered, 0, 100
PEP, 1, 100
ESWG, 0, 100
1:00, 4, 100
17, 29, 100
text, 100, 100
seem, 0, 100
browser:, 0, 100
Oct, 8, 100
M., 4, 100
CNN, 0, 100
3:00, 3, 100
26, 18, 100
reference, 4, 100
losses, 0, 100
hot, 2, 100
execute, 1, 100
Thur, 10, 100
PJM, 0, 100
Over, 1, 100
O, 100, 100
8:00, 2, 100
713.345.3249, 0, 100
2:00:00, 0, 100
11/25/2001, 0, 100
01/31/2001, 0, 100
**, 16, 100
job, 1, 100
RSVP, 0, 100
Preferred:, 0, 100
Hyvl, 1, 100
9:00:00, 0, 100
27,, 1, 100
2,, 7, 100
10/26/2001, 0, 100
..., 7, 100
$$$, 1, 100
steps, 1, 100
boy, 0, 100
QB, 1, 100
FN, 0, 100
=01), 0, 100