
>, 100, 100
*, 51, 100
-, 100, 100
X-cc:, 100, 100
X-bcc:, 100, 100
X-Folder:, 100, 100
=, 100, 100
up, 81, 100
PM, 44, 100
two, 58, 100
1, 100, 100
out, 68, 100
True, 52, 100
UT, 45, 100
good, 56, 100
next, 57, 100
2, 100, 100
., 100, 100
Folders\'sent, 6, 100
=20, 17, 100
new, 59, 100
2001, 25, 100
need, 44, 100
cc:, 100, 100
three, 46, 100
both, 53, 100
over, 55, 100
10, 100, 100
=01), 22, 100
?, 36, 100
very, 55, 100
Energy, 28, 100
3, 100, 100
12, 74, 100
7, 100, 100
---------------------------, 34, 100
----------------------, 34, 100
through, 28, 100
go, 67, 100
p.m., 25, 100
2000, 83, 100
run, 48, 100
e, 100, 100
lot, 46, 100
QB, 44, 100
Cc:, 7, 100
FERC, 0, 100
energy, 33, 100
&, 44, 100
6, 94, 100
much, 41, 100
4.5,, 13, 100
>>, 4, 100
yds,, 10, 100
Sent:, 11, 100
ERCOT, 16, 100
5, 100, 100
4, 100, 100
Scholtes,, 1, 100
see, 53, 100
o, 100, 100
DT, 69, 100
those, 34, 100
WR, 36, 100
end, 77, 100
Tech, 29, 100
6-2,, 19, 100
Bcc:, 5, 100
set, 100, 100
14, 61, 100
costs, 39, 100
per, 64, 100
4.4,, 11, 100
sure, 31, 100
jquenet.nsf, 0, 100
SCHOLTES-D, 1, 100
Quenet-J, 1, 100
under, 37, 100
6-3,, 16, 100
send, 21, 100
current, 14, 100
Lee, 34, 100
DE, 50, 100
John, 46, 100
L, 88, 100
s, 100, 100
defense, 35, 100
,, 100, 100
000, 84, 100
look, 46, 100
99, 59, 100
11, 70, 100
New, 48, 100
$99, 48, 100
15, 64, 100
Box, 48, 100
26, 68, 100
(713), 3, 100
June, 7, 100
left., 9, 100
keep, 25, 100
Greg, 26, 100
6-1,, 18, 100
25, 45, 100
school, 37, 100
thru, 1, 100
J., 40, 100
d, 100, 100
even, 49, 100
4.7,, 14, 100
16, 56, 100
180,, 13, 100
put, 24, 100
6-5,, 17, 100
W, 89, 100
RB, 20, 100
6-4,, 14, 100
18, 58, 100
LB, 35, 100
5-11,, 16, 100
tkuyken.nsf, 0, 100
8, 100, 100
t=, 100, 100
$130, 48, 100
left, 26, 100
6-6,, 11, 100
9, 95, 100
such, 9, 100
UT,, 9, 100
currently, 4, 100
Oct., 19, 100
t, 100, 100
people, 21, 100
cost, 42, 100
thought, 26, 100
system, 7, 100
n, 100, 100
posted, 7, 100
hope, 24, 100
th=, 20, 100
CB, 23, 100
--, 47, 100
seen, 20, 100
2., 42, 100
pretty, 26, 100
due, 14, 100
24, 50, 100
.000, 10, 100
Bowl, 9, 100
Roy, 27, 100
30, 69, 100
19, 57, 100
needs, 15, 100
TE, 50, 100
900, 40, 100
26530,, 49, 100
21, 45, 100
(UT,, 4, 100
20, 100, 100
Center, 7, 100
open, 33, 100
close, 20, 100
return, 33, 100
Steve, 8, 100
job, 26, 100
OL, 22, 100
B., 26, 100
M, 100, 100
few, 10, 100
1., 100, 100
sell, 11, 100
2001., 2, 100
FSU,, 8, 100
try, 42, 100
led, 44, 100
28, 65, 100
17, 52, 100
true, 27, 100
Rogers, 34, 100
Jerry, 41, 100
Dec., 7, 100
expected, 14, 100
employees, 1, 100
copy, 11, 100
OU,, 4, 100
sent, 19, 100
guys, 21, 100
feel, 20, 100
news., 39, 100
4.6,, 14, 100
CT, 9, 100
tell, 18, 100
bowl, 7, 100
4.9,, 11, 100
13, 72, 100
27, 55, 100
full, 26, 100
PT, 5, 100
knee, 24, 100
group, 14, 100
5.2,, 10, 100
200,, 12, 100
(UT, 4, 100
-----, 46, 100
free, 12, 100
Pct., 10, 100
PF, 11, 100
225,, 14, 100
seven, 19, 100
Street, 13, 100
0.00, 0, 100
punt, 18, 100
OU, 41, 100
78755, 49, 100
512-795-8536, 39, 100
/, 100, 100
process, 10, 100
move, 24, 100
lost, 16, 100
3., 46, 100
$110, 37, 100
TX, 13, 100
Jeff, 20, 100
!, 24, 100
problems, 12, 100
$, 59, 100
request, 1, 100
future, 9, 100
LSU,, 11, 100
=09, 0, 100
$45., 37, 100
guy, 33, 100
college, 26, 100
TD;, 9, 100
Neb,, 4, 100
1.000, 10, 100
key, 15, 100
O., 35, 100
100, 23, 100
spot, 10, 100
WSCC, 0, 100
Send, 33, 100
23, 48, 100
$45, 40, 100
old, 100, 100
less, 30, 100
S, 100, 100
Wood, 26, 100
(2), 11, 100
Hodges, 20, 100
subject, 3, 100
Sept, 30, 100
runs, 17, 100
events, 28, 100
6-2, 30, 100
6-0,, 9, 100
proposed, 0, 100
choose, 3, 100
Reese, 18, 100
4., 59, 100
pressure, 14, 100
y, 100, 100
loss, 23, 100
1,, 46, 100
refund, 0, 100
P., 32, 100
r, 100, 100
found, 11, 100
11,, 25, 100
needed, 8, 100
TB, 26, 100
300,, 11, 100
175,, 14, 100
1-0-1;, 8, 100
cover, 26, 100
U.S., 2, 100
Dynegy, 0, 100
+, 2, 100
|, 0, 100
news, 52, 100
desk, 0, 100
8,, 47, 100
percent, 2, 100
Joe, 11, 100
22, 48, 100
level, 17, 100
ensure, 1, 100
(1), 10, 100
up., 15, 100
rest, 32, 100
perfect, 17, 100
buy, 4, 100
42, 37, 100
speed, 18, 100
seems, 8, 100
recent, 12, 100
looks, 17, 100
Tubbs, 17, 100
Sun, 21, 100
PGE, 0, 100
Jersey, 15, 100
($79, 28, 100
El, 36, 100
12,, 12, 100
schools, 24, 100
:, 100, 100
195,, 12, 100
1-900-288-8839, 38, 100
x, 100, 100
o=, 24, 100
Net, 19, 100
Ercot, 0, 100
2Q, 10, 100
July, 2, 100
Code, 11, 100
200, 100, 100
super, 20, 100
bought, 3, 100
supply, 1, 100
TD,, 10, 100
Sept., 17, 100
Scott, 18, 100
School, 9, 100
FG, 7, 100
D, 100, 100
6-1, 30, 100
48, 47, 100
40, 43, 100
11/3/2001, 0, 100
problem, 21, 100
enter, 19, 100
Purpose:, 0, 100
JC, 17, 100
C, 100, 100
rebounds, 13, 100
moved, 13, 100
Next, 15, 100
4.8,, 7, 100
3Q, 10, 100
2002, 3, 100
), 100, 100
($99, 12, 100
($35, 12, 100
express, 3, 100
Lee,, 14, 100
50, 46, 100
4,, 37, 100
h=, 24, 100
TD, 16, 100
HPL, 0, 100
Fr.-HS, 1, 100
290,, 11, 100
2000., 5, 100
employee, 3, 100
PG&E, 0, 100
J, 100, 100
F, 100, 100
EES, 1, 100
opened, 11, 100
mw's, 0, 100
LSU), 4, 100
Colo,, 4, 100
Brock, 15, 100
5.0,, 7, 100
5-10,, 10, 100
190,, 7, 100
prospect, 23, 100
projected, 1, 100
g, 100, 100
book, 4, 100
52, 32, 100
", 79, 100
cut, 18, 100
29, 55, 100
renew, 10, 100
nd, 87, 100
fell, 12, 100
blocked, 8, 100
UT), 4, 100
Tyler, 11, 100
Jody, 10, 100
5-11, 19, 100
240,, 11, 100
term, 21, 100
T., 27, 100
Lynch, 15, 100
terms, 6, 100
step, 9, 100
returned, 14, 100
Bob, 13, 100
reply, 2, 100
Kenny, 10, 100
Feb., 1, 100
31,, 5, 100
270,, 12, 100
170,, 7, 100
11/4/2001, 0, 100
frequently, 21, 100
follow, 21, 100
center, 12, 100
60, 32, 100
reserves, 0, 100
net, 35, 100
CENTER, 0, 100
31, 44, 100
love, 6, 100
drove, 8, 100
broke, 13, 100
TCU), 4, 100
Roundup, 12, 100
P, 100, 100
OT, 52, 100
FERC's, 0, 100
FB, 17, 100
DB, 13, 100
$35., 11, 100
prospects, 14, 100
l, 100, 100
5., 65, 100
reserve, 4, 100
news,, 13, 100
Term, 2, 100
System, 10, 100
Super, 9, 100
Select, 1, 100
H, 93, 100
unless, 13, 100
threw, 11, 100
St., 3, 100
Scott,, 9, 100
QSE, 3, 100
Opp., 10, 100
Lost, 9, 100
Feb, 4, 100
End, 9, 100
BCF, 0, 100
28,, 8, 100
260,, 7, 100
requests, 0, 100
low, 56, 100
R., 5, 100
77002, 1, 100
throughout, 6, 100
result, 9, 100
knew, 10, 100
@, 100, 100
surgery, 17, 100
round, 31, 100
lose, 28, 100
de, 100, 100
Tenn,, 4, 100
OSU, 10, 100
Joseph, 7, 100
6-7,, 10, 100
5.1,, 11, 100
5,, 37, 100
2;, 9, 100
280,, 10, 100
27,, 7, 100
1Q, 8, 100
18,, 9, 100
11/2/2001, 0, 100
out., 8, 100
losses, 9, 100
looked, 11, 100
effect, 5, 100
Two, 11, 100
Group, 10, 100
College, 12, 100
Both, 10, 100
1), 27, 100
6., 41, 100
k, 92, 100
growth, 0, 100
f, 100, 100
expect, 21, 100
country., 12, 100
UT's, 12, 100
ND,, 4, 100
K, 73, 100
E, 100, 100
4Q, 8, 100
35, 34, 100
.500, 6, 100
(FSU,, 4, 100
(6), 5, 100
type, 5, 100
felt, 8, 100
couple, 5, 100
News, 39, 100
Kelly, 2, 100
30,, 50, 100
huge, 10, 100
R, 97, 100
;, 100, 100
1400, 2, 100
rules, 4, 100
process., 4, 100
>, 100, 100
*, 51, 100
-, 100, 100
X-cc:, 100, 100
X-bcc:, 100, 100
X-Folder:, 100, 100
=, 100, 100
up, 81, 100
PM, 44, 100
two, 58, 100
1, 100, 100
out, 68, 100
True, 52, 100
UT, 45, 100
good, 56, 100
next, 57, 100
2, 100, 100
., 100, 100
Folders\'sent, 6, 100
=20, 17, 100
new, 59, 100
2001, 25, 100
need, 44, 100
cc:, 100, 100
three, 46, 100
both, 53, 100
over, 55, 100
10, 100, 100
=01), 22, 100
?, 36, 100
very, 55, 100
Energy, 28, 100
3, 100, 100
12, 74, 100
7, 100, 100
---------------------------, 34, 100
----------------------, 34, 100
through, 28, 100
go, 67, 100
p.m., 25, 100
2000, 83, 100
run, 48, 100
e, 100, 100
lot, 46, 100
QB, 44, 100
Cc:, 7, 100
FERC, 0, 100
energy, 33, 100
&, 44, 100
6, 94, 100
much, 41, 100
4.5,, 13, 100
>>, 4, 100
yds,, 10, 100
Sent:, 11, 100
ERCOT, 16, 100
5, 100, 100
4, 100, 100
Scholtes,, 1, 100
see, 53, 100
o, 100, 100
DT, 69, 100
those, 34, 100
WR, 36, 100
end, 77, 100
Tech, 29, 100
6-2,, 19, 100
Bcc:, 5, 100
set, 100, 100
14, 61, 100
costs, 39, 100
per, 64, 100
4.4,, 11, 100
sure, 31, 100
jquenet.nsf, 0, 100
SCHOLTES-D, 1, 100
Quenet-J, 1, 100
under, 37, 100
6-3,, 16, 100
send, 21, 100
current, 14, 100
Lee, 34, 100
DE, 50, 100
John, 46, 100
L, 88, 100
s, 100, 100
defense, 35, 100
,, 100, 100
000, 84, 100
look, 46, 100
99, 59, 100
11, 70, 100
New, 48, 100
$99, 48, 100
15, 64, 100
Box, 48, 100
26, 68, 100
(713), 3, 100
June, 7, 100
left., 9, 100
keep, 25, 100
Greg, 26, 100
6-1,, 18, 100
25, 45, 100
school, 37, 100
thru, 1, 100
J., 40, 100
d, 100, 100
even, 49, 100
4.7,, 14, 100
16, 56, 100
180,, 13, 100
put, 24, 100
6-5,, 17, 100
W, 89, 100
RB, 20, 100
6-4,, 14, 100
18, 58, 100
LB, 35, 100
5-11,, 16, 100
tkuyken.nsf, 0, 100
8, 100, 100
t=, 100, 100
$130, 48, 100
left, 26, 100
6-6,, 11, 100
9, 95, 100
such, 9, 100
UT,, 9, 100
currently, 4, 100
Oct., 19, 100
t, 100, 100
people, 21, 100
cost, 42, 100
thought, 26, 100
system, 7, 100
n, 100, 100
posted, 7, 100
hope, 24, 100
th=, 20, 100
CB, 23, 100
--, 47, 100
seen, 20, 100
2., 42, 100
pretty, 26, 100
due, 14, 100
24, 50, 100
.000, 10, 100
Bowl, 9, 100
Roy, 27, 100
30, 69, 100
19, 57, 100
needs, 15, 100
TE, 50, 100
900, 40, 100
26530,, 49, 100
21, 45, 100
(UT,, 4, 100
20, 100, 100
Center, 7, 100
open, 33, 100
close, 20, 100
return, 33, 100
Steve, 8, 100
job, 26, 100
OL, 22, 100
B., 26, 100
M, 100, 100
few, 10, 100
1., 100, 100
sell, 11, 100
2001., 2, 100
FSU,, 8, 100
try, 42, 100
led, 44, 100
28, 65, 100
17, 52, 100
true, 27, 100
Rogers, 34, 100
Jerry, 41, 100
Dec., 7, 100
expected, 14, 100
employees, 1, 100
copy, 11, 100
OU,, 4, 100
sent, 19, 100
guys, 21, 100
feel, 20, 100
news., 39, 100
4.6,, 14, 100
CT, 9, 100
tell, 18, 100
bowl, 7, 100
4.9,, 11, 100
13, 72, 100
27, 55, 100
full, 26, 100
PT, 5, 100
knee, 24, 100
group, 14, 100
5.2,, 10, 100
200,, 12, 100
(UT, 4, 100
-----, 46, 100
free, 12, 100
Pct., 10, 100
PF, 11, 100
225,, 14, 100
seven, 19, 100
Street, 13, 100
0.00, 0, 100
punt, 18, 100
OU, 41, 100
78755, 49, 100
512-795-8536, 39, 100
/, 100, 100
process, 10, 100
move, 24, 100
lost, 16, 100
3., 46, 100
$110, 37, 100
TX, 13, 100
Jeff, 20, 100
!, 24, 100
problems, 12, 100
$, 59, 100
request, 1, 100
future, 9, 100
LSU,, 11, 100
=09, 0, 100
$45., 37, 100
guy, 33, 100
college, 26, 100
TD;, 9, 100
Neb,, 4, 100
1.000, 10, 100
key, 15, 100
O., 35, 100
100, 23, 100
spot, 10, 100
WSCC, 0, 100
Send, 33, 100
23, 48, 100
$45, 40, 100
old, 100, 100
less, 30, 100
S, 100, 100
Wood, 26, 100
(2), 11, 100
Hodges, 20, 100
subject, 3, 100
Sept, 30, 100
runs, 17, 100
events, 28, 100
6-2, 30, 100
6-0,, 9, 100
proposed, 0, 100
choose, 3, 100
Reese, 18, 100
4., 59, 100
pressure, 14, 100
y, 100, 100
loss, 23, 100
1,, 46, 100
refund, 0, 100
P., 32, 100
r, 100, 100
found, 11, 100
11,, 25, 100
needed, 8, 100
TB, 26, 100
300,, 11, 100
175,, 14, 100
1-0-1;, 8, 100
cover, 26, 100
U.S., 2, 100
Dynegy, 0, 100
+, 2, 100
|, 0, 100
news, 52, 100
desk, 0, 100
8,, 47, 100
percent, 2, 100
Joe, 11, 100
22, 48, 100
level, 17, 100
ensure, 1, 100
(1), 10, 100
up., 15, 100
rest, 32, 100
perfect, 17, 100
buy, 4, 100
42, 37, 100
speed, 18, 100
seems, 8, 100
recent, 12, 100
looks, 17, 100
Tubbs, 17, 100
Sun, 21, 100
PGE, 0, 100
Jersey, 15, 100
($79, 28, 100
El, 36, 100
12,, 12, 100
schools, 24, 100
:, 100, 100
195,, 12, 100
1-900-288-8839, 38, 100
x, 100, 100
o=, 24, 100
Net, 19, 100
Ercot, 0, 100
2Q, 10, 100
July, 2, 100
Code, 11, 100
200, 100, 100
super, 20, 100
bought, 3, 100
supply, 1, 100
TD,, 10, 100
Sept., 17, 100
Scott, 18, 100
School, 9, 100
FG, 7, 100
D, 100, 100
6-1, 30, 100
48, 47, 100
40, 43, 100
11/3/2001, 0, 100
problem, 21, 100
enter, 19, 100
Purpose:, 0, 100
JC, 17, 100
C, 100, 100
rebounds, 13, 100
moved, 13, 100
Next, 15, 100
4.8,, 7, 100
3Q, 10, 100
2002, 3, 100
), 100, 100
($99, 12, 100
($35, 12, 100
express, 3, 100
Lee,, 14, 100
50, 46, 100
4,, 37, 100
h=, 24, 100
TD, 16, 100
HPL, 0, 100
Fr.-HS, 1, 100
290,, 11, 100
2000., 5, 100
employee, 3, 100
PG&E, 0, 100
J, 100, 100
F, 100, 100
EES, 1, 100
opened, 11, 100
mw's, 0, 100
LSU), 4, 100
Colo,, 4, 100
Brock, 15, 100
5.0,, 7, 100
5-10,, 10, 100
190,, 7, 100
prospect, 23, 100
projected, 1, 100
g, 100, 100
book, 4, 100
52, 32, 100
", 79, 100
cut, 18, 100
29, 55, 100
renew, 10, 100
nd, 87, 100
fell, 12, 100
blocked, 8, 100
UT), 4, 100
Tyler, 11, 100
Jody, 10, 100
5-11, 19, 100
240,, 11, 100
term, 21, 100
T., 27, 100
Lynch, 15, 100
terms, 6, 100
step, 9, 100
returned, 14, 100
Bob, 13, 100
reply, 2, 100
Kenny, 10, 100
Feb., 1, 100
31,, 5, 100
270,, 12, 100
170,, 7, 100
11/4/2001, 0, 100
frequently, 21, 100
follow, 21, 100
center, 12, 100
60, 32, 100
reserves, 0, 100
net, 35, 100
CENTER, 0, 100
31, 44, 100
love, 6, 100
drove, 8, 100
broke, 13, 100
TCU), 4, 100
Roundup, 12, 100
P, 100, 100
OT, 52, 100
FERC's, 0, 100
FB, 17, 100
DB, 13, 100
$35., 11, 100
prospects, 14, 100
l, 100, 100
5., 65, 100
reserve, 4, 100
news,, 13, 100
Term, 2, 100
System, 10, 100
Super, 9, 100
Select, 1, 100
H, 93, 100
unless, 13, 100
threw, 11, 100
St., 3, 100
Scott,, 9, 100
QSE, 3, 100
Opp., 10, 100
Lost, 9, 100
Feb, 4, 100
End, 9, 100
BCF, 0, 100
28,, 8, 100
260,, 7, 100
requests, 0, 100
low, 56, 100
R., 5, 100
77002, 1, 100
throughout, 6, 100
result, 9, 100
knew, 10, 100
@, 100, 100
surgery, 17, 100
round, 31, 100
lose, 28, 100
de, 100, 100
Tenn,, 4, 100
OSU, 10, 100
Joseph, 7, 100
6-7,, 10, 100
5.1,, 11, 100
5,, 37, 100
2;, 9, 100
280,, 10, 100
27,, 7, 100
1Q, 8, 100
18,, 9, 100
11/2/2001, 0, 100
out., 8, 100
losses, 9, 100
looked, 11, 100
effect, 5, 100
Two, 11, 100
Group, 10, 100
College, 12, 100
Both, 10, 100
1), 27, 100
6., 41, 100
k, 92, 100
growth, 0, 100
f, 100, 100
expect, 21, 100
country., 12, 100
UT's, 12, 100
ND,, 4, 100
K, 73, 100
E, 100, 100
4Q, 8, 100
35, 34, 100
.500, 6, 100
(FSU,, 4, 100
(6), 5, 100
type, 5, 100
felt, 8, 100
couple, 5, 100
News, 39, 100
Kelly, 2, 100
30,, 50, 100
huge, 10, 100
R, 97, 100
;, 100, 100
1400, 2, 100
rules, 4, 100
process., 4, 100
>, 100, 100
*, 51, 100
-, 100, 100
X-cc:, 100, 100
X-bcc:, 100, 100
X-Folder:, 100, 100
=, 100, 100
up, 81, 100
PM, 44, 100
two, 58, 100
1, 100, 100
out, 68, 100
True, 52, 100
UT, 45, 100
good, 56, 100
next, 57, 100
2, 100, 100
., 100, 100
Folders\'sent, 6, 100
=20, 17, 100
new, 59, 100
2001, 25, 100
need, 44, 100
cc:, 100, 100
three, 46, 100
both, 53, 100
over, 55, 100
10, 100, 100
=01), 22, 100
?, 36, 100
very, 55, 100
Energy, 28, 100
3, 100, 100
12, 74, 100
7, 100, 100
---------------------------, 34, 100
----------------------, 34, 100
through, 28, 100
go, 67, 100
p.m., 25, 100
2000, 83, 100
run, 48, 100
e, 100, 100
lot, 46, 100
QB, 44, 100
Cc:, 7, 100
energy, 33, 100
&, 44, 100
6, 94, 100
much, 41, 100
4.5,, 13, 100
>>, 4, 100
yds,, 10, 100
Sent:, 11, 100
ERCOT, 16, 100
5, 100, 100
4, 100, 100
Scholtes,, 1, 100
see, 53, 100
o, 100, 100
DT, 69, 100
those, 34, 100
WR, 36, 100
end, 77, 100
Tech, 29, 100
6-2,, 19, 100
Bcc:, 5, 100
set, 100, 100
14, 61, 100
costs, 39, 100
per, 64, 100
4.4,, 11, 100
sure, 31, 100
SCHOLTES-D, 1, 100
Quenet-J, 1, 100
under, 37, 100
6-3,, 16, 100
send, 21, 100
current, 14, 100
Lee, 34, 100
DE, 50, 100
John, 46, 100
L, 88, 100
s, 100, 100
defense, 35, 100
,, 100, 100
000, 84, 100
look, 46, 100
99, 59, 100
11, 70, 100
New, 48, 100
$99, 48, 100
15, 64, 100
Box, 48, 100
26, 68, 100
(713), 3, 100
June, 7, 100
left., 9, 100
keep, 25, 100
Greg, 26, 100
6-1,, 18, 100
25, 45, 100
school, 37, 100
thru, 1, 100
J., 40, 100
d, 100, 100
even, 49, 100
4.7,, 14, 100
16, 56, 100
180,, 13, 100
put, 24, 100
6-5,, 17, 100
W, 89, 100
RB, 20, 100
6-4,, 14, 100
18, 58, 100
LB, 35, 100
5-11,, 16, 100
8, 100, 100
t=, 100, 100
$130, 48, 100
left, 26, 100
6-6,, 11, 100
9, 95, 100
such, 9, 100
UT,, 9, 100
currently, 4, 100
Oct., 19, 100
t, 100, 100
people, 21, 100
cost, 42, 100
thought, 26, 100
system, 7, 100
n, 100, 100
posted, 7, 100
hope, 24, 100
th=, 20, 100
CB, 23, 100
--, 47, 100
seen, 20, 100
2., 42, 100
pretty, 26, 100
due, 14, 100
24, 50, 100
.000, 10, 100
Bowl, 9, 100
Roy, 27, 100
30, 69, 100
19, 57, 100
needs, 15, 100
TE, 50, 100
900, 40, 100
26530,, 49, 100
21, 45, 100
(UT,, 4, 100
20, 100, 100
Center, 7, 100
open, 33, 100
close, 20, 100
return, 33, 100
Steve, 8, 100
job, 26, 100
OL, 22, 100
B., 26, 100
M, 100, 100
few, 10, 100
1., 100, 100
sell, 11, 100
2001., 2, 100
FSU,, 8, 100
try, 42, 100
led, 44, 100
28, 65, 100
17, 52, 100
true, 27, 100
Rogers, 34, 100
Jerry, 41, 100
Dec., 7, 100
expected, 14, 100
employees, 1, 100
copy, 11, 100
OU,, 4, 100
sent, 19, 100
guys, 21, 100
feel, 20, 100
news., 39, 100
4.6,, 14, 100
CT, 9, 100
tell, 18, 100
bowl, 7, 100
4.9,, 11, 100
13, 72, 100
27, 55, 100
full, 26, 100
PT, 5, 100
knee, 24, 100
group, 14, 100
5.2,, 10, 100
200,, 12, 100
(UT, 4, 100
-----, 46, 100
free, 12, 100
Pct., 10, 100
PF, 11, 100
225,, 14, 100
seven, 19, 100
Street, 13, 100
punt, 18, 100
OU, 41, 100
78755, 49, 100
512-795-8536, 39, 100
/, 100, 100
process, 10, 100
move, 24, 100
lost, 16, 100
3., 46, 100
$110, 37, 100
TX, 13, 100
Jeff, 20, 100
!, 24, 100
problems, 12, 100
$, 59, 100
request, 1, 100
future, 9, 100
LSU,, 11, 100
$45., 37, 100
guy, 33, 100
college, 26, 100
TD;, 9, 100
Neb,, 4, 100
1.000, 10, 100
key, 15, 100
O., 35, 100
100, 23, 100
spot, 10, 100
Send, 33, 100
23, 48, 100
$45, 40, 100
old, 100, 100
less, 30, 100
S, 100, 100
Wood, 26, 100
(2), 11, 100
Hodges, 20, 100
subject, 3, 100
Sept, 30, 100
runs, 17, 100
events, 28, 100
6-2, 30, 100
6-0,, 9, 100
choose, 3, 100
Reese, 18, 100
4., 59, 100
pressure, 14, 100
y, 100, 100
loss, 23, 100
1,, 46, 100
P., 32, 100
r, 100, 100
found, 11, 100
11,, 25, 100
needed, 8, 100
TB, 26, 100
300,, 11, 100
175,, 14, 100
1-0-1;, 8, 100
cover, 26, 100
U.S., 2, 100
+, 2, 100
news, 52, 100
8,, 47, 100
percent, 2, 100
Joe, 11, 100
22, 48, 100
level, 17, 100
ensure, 1, 100
(1), 10, 100
up., 15, 100
rest, 32, 100
perfect, 17, 100
buy, 4, 100
42, 37, 100
speed, 18, 100
seems, 8, 100
recent, 12, 100
looks, 17, 100
Tubbs, 17, 100
Sun, 21, 100
Jersey, 15, 100
($79, 28, 100
El, 36, 100
12,, 12, 100
schools, 24, 100
:, 100, 100
195,, 12, 100
1-900-288-8839, 38, 100
x, 100, 100
o=, 24, 100
Net, 19, 100
2Q, 10, 100
July, 2, 100
Code, 11, 100
200, 100, 100
super, 20, 100
bought, 3, 100
supply, 1, 100
TD,, 10, 100
Sept., 17, 100
Scott, 18, 100
School, 9, 100
FG, 7, 100
D, 100, 100
6-1, 30, 100
48, 47, 100
40, 43, 100
problem, 21, 100
enter, 19, 100
JC, 17, 100
C, 100, 100
rebounds, 13, 100
moved, 13, 100
Next, 15, 100
4.8,, 7, 100
3Q, 10, 100
2002, 3, 100
), 100, 100
($99, 12, 100
($35, 12, 100
express, 3, 100
Lee,, 14, 100
50, 46, 100
4,, 37, 100
h=, 24, 100
TD, 16, 100
Fr.-HS, 1, 100
290,, 11, 100
2000., 5, 100
employee, 3, 100
J, 100, 100
F, 100, 100
EES, 1, 100
opened, 11, 100
LSU), 4, 100
Colo,, 4, 100
Brock, 15, 100
5.0,, 7, 100
5-10,, 10, 100
190,, 7, 100
prospect, 23, 100
projected, 1, 100
g, 100, 100
book, 4, 100
52, 32, 100
", 79, 100
cut, 18, 100
29, 55, 100
renew, 10, 100
nd, 87, 100
fell, 12, 100
blocked, 8, 100
UT), 4, 100
Tyler, 11, 100